1524375000.00, 24.5387, 0.0043
1524378600.00, 24.5338, 0.0048
1524382200.00, 24.5307, 0.0040
1524385800.00, 24.5302, 0.0038
1524389400.00, 24.5285, 0.0051
1524393000.00, 24.5287, 0.0046
1524396600.00, 24.5321, 0.0052
1524400200.00, 24.5421, 0.0052
1524403800.00, 24.5567, 0.0069
1524407400.00, 24.5563, 0.0065
1524411000.00, 24.5750, 0.0067
1524414600.00, 24.5872, 0.0055
1524418200.00, 24.5969, 0.0058
1524421800.00, 24.6130, 0.0064
1524425400.00, 24.6307, 0.0081
1524429000.00, 24.6503, 0.0081
1524432600.00, 24.6684, 0.0068
1524436200.00, 24.6864, 0.0063
1524439800.00, 24.7005, 0.0066
1524443400.00, 24.7103, 0.0048
1524447000.00, 24.7120, 0.0047
1524450600.00, 24.7190, 0.0044
1524454200.00, 24.7202, 0.0046
1524457800.00, 24.7228, 0.0049
1524461400.00, 24.7226, 0.0044
1524465000.00, 24.7273, 0.0048
1524468600.00, 24.7313, 0.0055
1524472200.00, 24.7374, 0.0051
1524475800.00, 24.7397, 0.0041
1524479400.00, 24.7408, 0.0038
1524483000.00, 24.7428, 0.0048
1524486600.00, 24.7466, 0.0054
1524490200.00, 24.7495, 0.0043
1524493800.00, 24.7456, 0.0069
1524497400.00, 24.7600, 0.0068
1524501000.00, 24.7808, 0.0082
1524504600.00, 24.8028, 0.0094
1524508200.00, 24.8305, 0.0091
1524511800.00, 24.8552, 0.0082
1524515400.00, 24.8820, 0.0108
1524519000.00, 24.9090, 0.0084
1524522600.00, 24.9348, 0.0093
1524526200.00, 24.9561, 0.0058
1524529800.00, 24.9717, 0.0045
1524533400.00, 24.9802, 0.0043
1524537000.00, 24.9874, 0.0044
1524540600.00, 24.9908, 0.0041
1524544200.00, 24.9951, 0.0053
1524547800.00, 24.9978, 0.0041
1524551400.00, 24.9990, 0.0050
1524555000.00, 25.0042, 0.0056
1524558600.00, 25.0098, 0.0034
1524562200.00, 25.0134, 0.0051
1524565800.00, 25.0180, 0.0044
1524569400.00, 25.0230, 0.0050
1524573000.00, 25.0260, 0.0052
1524576600.00, 25.0334, 0.0051
1524580200.00, 25.0490, 0.0080
1524583800.00, 25.0706, 0.0080
1524587400.00, 25.0985, 0.0087
1524591000.00, 25.1256, 0.0093
1524594600.00, 25.1570, 0.0100
1524598200.00, 25.1881, 0.0103
1524601800.00, 25.2197, 0.0104
1524605400.00, 25.2540, 0.0117
1524609000.00, 25.2857, 0.0102
1524612600.00, 25.3115, 0.0094
1524616200.00, 25.3314, 0.0044
1524619800.00, 25.3425, 0.0053
1524623400.00, 25.3476, 0.0043
1524627000.00, 25.3480, 0.0040
1524630600.00, 25.3462, 0.0052
1524634200.00, 25.3433, 0.0047
1524637800.00, 25.3308, 0.0063
1524641400.00, 25.3239, 0.0058
1524645000.00, 25.3130, 0.0061
1524648600.00, 25.3003, 0.0045
1524652200.00, 25.2975, 0.0054
1524655800.00, 25.2812, 0.0109
1524659400.00, 25.2483, 0.0099
1524663000.00, 25.2433, 0.0248
1524666600.00, 25.2082, 0.0088
1524670200.00, 25.1844, 0.0105
1524673800.00, 25.1581, 0.0081
1524677400.00, 25.1341, 0.0105
1524681000.00, 25.1071, 0.0084
1524684600.00, 25.0885, 0.0066
1524688200.00, 25.0761, 0.0058
1524691800.00, 25.0595, 0.0105
1524695400.00, 25.0403, 0.0092
1524699000.00, 25.0121, 0.0116
1524702600.00, 24.9717, 0.0158
1524706200.00, 24.9328, 0.0113
1524709800.00, 24.8976, 0.0109
1524713400.00, 24.8624, 0.0130
1524717000.00, 24.8226, 0.0111
1524720600.00, 24.7870, 0.0115
1524724200.00, 24.7464, 0.0116
1524727800.00, 24.7082, 0.0137
1524731400.00, 24.6643, 0.0128
1524735000.00, 24.6263, 0.0114
1524738600.00, 24.5897, 0.0124
1524742200.00, 24.5560, 0.0093
1524745800.00, 24.5412, 0.0055
1524749400.00, 24.5364, 0.0068
1524753000.00, 24.5308, 0.0044
1524756600.00, 24.5347, 0.0059
1524760200.00, 24.5423, 0.0052
1524763800.00, 24.5500, 0.0040
1524767400.00, 24.5672, 0.0080
1524771000.00, 24.5858, 0.0059
1524774600.00, 24.6026, 0.0065
1524778200.00, 24.6177, 0.0082
1524781800.00, 24.6467, 0.0106
1524785400.00, 24.6750, 0.0094
1524789000.00, 24.7007, 0.0068
1524792600.00, 24.7189, 0.0057
1524796200.00, 24.7328, 0.0058
1524799800.00, 24.7431, 0.0062
1524803400.00, 24.7525, 0.0056
1524807000.00, 24.7616, 0.0052
1524810600.00, 24.7734, 0.0048
1524814200.00, 24.7815, 0.0053
1524817800.00, 24.7903, 0.0054
1524821400.00, 24.7915, 0.0057
1524825000.00, 24.8020, 0.0044
1524828600.00, 24.8126, 0.0059
1524832200.00, 24.8330, 0.0076
1524835800.00, 24.8558, 0.0102
1524839400.00, 24.8830, 0.0075
1524843000.00, 24.9070, 0.0080
1524846600.00, 24.9248, 0.0071
1524850200.00, 24.9475, 0.0083
1524853800.00, 24.9752, 0.0111
1524857400.00, 25.0090, 0.0123
1524861000.00, 25.0440, 0.0091
1524864600.00, 25.0611, 0.0056
1524868200.00, 25.0662, 0.0060
1524871800.00, 25.0589, 0.0062
1524875400.00, 25.0536, 0.0048
1524879000.00, 25.0521, 0.0052
1524882600.00, 25.0469, 0.0050
1524886200.00, 25.0409, 0.0055
1524889800.00, 25.0388, 0.0041
1524893400.00, 25.0352, 0.0050
1524897000.00, 25.0317, 0.0049
1524900600.00, 25.0274, 0.0054
1524904200.00, 25.0207, 0.0044
1524907800.00, 25.0148, 0.0050
1524911400.00, 25.0100, 0.0048
1524915000.00, 25.0066, 0.0057
1524918600.00, 25.0135, 0.0057
1524922200.00, 25.0302, 0.0096
1524925800.00, 25.0534, 0.0083
1524929400.00, 25.0757, 0.0067
1524933000.00, 25.0949, 0.0078
1524936600.00, 25.0982, 0.0079
1524940200.00, 25.1156, 0.0067
1524943800.00, 25.1325, 0.0064
1524947400.00, 25.1477, 0.0063
1524951000.00, 25.1593, 0.0073
1524954600.00, 25.1721, 0.0069
1524958200.00, 25.1839, 0.0058
1524961800.00, 25.1892, 0.0046
1524965400.00, 25.1884, 0.0048
1524969000.00, 25.1810, 0.0053
1524972600.00, 25.1711, 0.0045
1524976200.00, 25.1598, 0.0067
1524979800.00, 25.1479, 0.0054
1524983400.00, 25.1365, 0.0057
1524987000.00, 25.1238, 0.0063
1524990600.00, 25.1105, 0.0063
1524994200.00, 25.0960, 0.0069
1524997800.00, 25.0783, 0.0063
1525001400.00, 25.0725, 0.0047
1525005000.00, 25.0807, 0.0063
1525008600.00, 25.1021, 0.0075
1525012200.00, 25.1230, 0.0069
1525015800.00, 25.1310, 0.0092
1525019400.00, 25.1470, 0.0074
1525023000.00, 25.1652, 0.0062
1525026600.00, 25.1822, 0.0071
1525030200.00, 25.1976, 0.0071
1525033800.00, 25.2175, 0.0078
1525037400.00, 25.2392, 0.0086
1525041000.00, 25.2567, 0.0065
1525044600.00, 25.2692, 0.0061
1525048200.00, 25.2740, 0.0049
1525051800.00, 25.2703, 0.0050
1525055400.00, 25.2663, 0.0052
1525059000.00, 25.2661, 0.0052
1525062600.00, 25.2615, 0.0062
1525066200.00, 25.2553, 0.0062
1525069800.00, 25.2484, 0.0068
1525073400.00, 25.2389, 0.0052
1525077000.00, 25.2290, 0.0068
1525080600.00, 25.2197, 0.0041
1525084200.00, 25.2130, 0.0058
1525087800.00, 25.2108, 0.0053
1525091400.00, 25.2137, 0.0072
1525095000.00, 25.2287, 0.0111
1525098600.00, 25.2546, 0.0072
1525102200.00, 25.2746, 0.0078
1525105800.00, 25.2893, 0.0085
1525109400.00, 25.3121, 0.0087
1525113000.00, 25.3382, 0.0088
1525116600.00, 25.3649, 0.0103
1525120200.00, 25.3987, 0.0098
1525123800.00, 25.4297, 0.0100
1525127400.00, 25.4657, 0.0102
1525131000.00, 25.4949, 0.0093
1525134600.00, 25.5197, 0.0075
1525138200.00, 25.5356, 0.0050
1525141800.00, 25.5452, 0.0062
1525145400.00, 25.5511, 0.0048
1525149000.00, 25.5554, 0.0050
1525152600.00, 25.5590, 0.0046
1525156200.00, 25.5619, 0.0051
1525159800.00, 25.5658, 0.0049
1525163400.00, 25.5677, 0.0046
1525167000.00, 25.5673, 0.0053
1525170600.00, 25.5677, 0.0046
1525174200.00, 25.5677, 0.0055
1525177800.00, 25.5813, 0.0071
1525181400.00, 25.6034, 0.0097
1525185000.00, 25.6344, 0.0119
1525188600.00, 25.6727, 0.0094
1525192200.00, 25.6889, 0.0089
1525195800.00, 25.7165, 0.0108
1525199400.00, 25.7452, 0.0096
1525203000.00, 25.7767, 0.0104
1525206600.00, 25.8067, 0.0099
1525210200.00, 25.8308, 0.0085
1525213800.00, 25.8549, 0.0059
1525217400.00, 25.8772, 0.0068
1525221000.00, 25.8923, 0.0066
1525224600.00, 25.9013, 0.0053
1525228200.00, 25.9074, 0.0047
1525231800.00, 25.9143, 0.0050
1525235400.00, 25.9167, 0.0047
1525239000.00, 25.9208, 0.0045
1525242600.00, 25.9205, 0.0049
1525246200.00, 25.9197, 0.0025
1525249800.00, 25.9197, 0.0051
1525253400.00, 25.9200, 0.0040
1525257000.00, 25.9179, 0.0051
1525260600.00, 25.9169, 0.0053
1525264200.00, 25.9184, 0.0049
1525267800.00, 25.9323, 0.0087
1525271400.00, 25.9500, 0.0065
1525275000.00, 25.9655, 0.0080
1525278600.00, 25.9846, 0.0082
1525282200.00, 26.0078, 0.0086
1525285800.00, 26.0359, 0.0108
1525289400.00, 26.0644, 0.0085
1525293000.00, 26.0870, 0.0084
1525296600.00, 26.1051, 0.0059
1525300200.00, 26.1192, 0.0070
1525303800.00, 26.1348, 0.0053
1525307400.00, 26.1384, 0.0041
1525311000.00, 26.1405, 0.0038
1525314600.00, 26.1425, 0.0053
1525318200.00, 26.1423, 0.0046
1525321800.00, 26.1428, 0.0048
1525325400.00, 26.1415, 0.0059
1525329000.00, 26.1338, 0.0049
1525332600.00, 26.1325, 0.0050
1525336200.00, 26.1297, 0.0036
1525339800.00, 26.1239, 0.0061
1525343400.00, 26.1188, 0.0045
1525347000.00, 26.1126, 0.0057
1525350600.00, 26.1108, 0.0038
1525354200.00, 26.1111, 0.0055
1525357800.00, 26.1200, 0.0063
1525361400.00, 26.1407, 0.0054
1525365000.00, 26.1621, 0.0081
1525368600.00, 26.1822, 0.0082
1525372200.00, 26.2024, 0.0073
1525375800.00, 26.2224, 0.0068
1525379400.00, 26.2367, 0.0053
1525383000.00, 26.2435, 0.0051
1525386600.00, 26.2511, 0.0044
1525390200.00, 26.2576, 0.0061
1525393800.00, 26.2541, 0.0052
1525397400.00, 26.2523, 0.0046
1525401000.00, 26.2500, 0.0036
1525404600.00, 26.2486, 0.0055
1525408200.00, 26.2453, 0.0053
1525411800.00, 26.2440, 0.0058
1525415400.00, 26.2387, 0.0046
1525419000.00, 26.2383, 0.0049
1525422600.00, 26.2352, 0.0050
1525426200.00, 26.2347, 0.0056
1525429800.00, 26.2298, 0.0034
1525433400.00, 26.2283, 0.0037
1525437000.00, 26.2269, 0.0050
1525440600.00, 26.2247, 0.0053
1525444200.00, 26.2235, 0.0054
1525447800.00, 26.2251, 0.0056
1525451400.00, 26.2310, 0.0053
1525455000.00, 26.2378, 0.0066
1525458600.00, 26.2488, 0.0057
1525462200.00, 26.2612, 0.0061
1525465800.00, 26.2748, 0.0056
1525469400.00, 26.2913, 0.0059
1525473000.00, 26.3033, 0.0059
1525476600.00, 26.3149, 0.0053
1525480200.00, 26.3220, 0.0050
1525483800.00, 26.3212, 0.0045
1525487400.00, 26.3110, 0.0065
1525491000.00, 26.2989, 0.0068
1525494600.00, 26.2888, 0.0055
1525498200.00, 26.2763, 0.0052
1525501800.00, 26.2623, 0.0070
1525505400.00, 26.2442, 0.0067
1525509000.00, 26.2284, 0.0066
1525512600.00, 26.2131, 0.0053
1525516200.00, 26.1928, 0.0069
1525519800.00, 26.1795, 0.0072
1525523400.00, 26.1802, 0.0059
1525527000.00, 26.1934, 0.0067
1525530600.00, 26.2146, 0.0092
1525534200.00, 26.2383, 0.0082
1525537800.00, 26.2561, 0.0063
1525541400.00, 26.2680, 0.0040
1525545000.00, 26.2882, 0.0070
1525548600.00, 26.3041, 0.0049
1525552200.00, 26.3090, 0.0057
1525555800.00, 26.3205, 0.0059
1525559400.00, 26.3280, 0.0051
1525563000.00, 26.3307, 0.0044
1525566600.00, 26.3298, 0.0046
1525570200.00, 26.3242, 0.0053
1525573800.00, 26.3153, 0.0062
1525577400.00, 26.3035, 0.0051
1525581000.00, 26.2905, 0.0064
1525584600.00, 26.2727, 0.0073
1525588200.00, 26.2570, 0.0063
1525591800.00, 26.2431, 0.0069
1525595400.00, 26.2289, 0.0063
1525599000.00, 26.2134, 0.0051
1525602600.00, 26.1997, 0.0060
1525606200.00, 26.1835, 0.0070
1525609800.00, 26.1686, 0.0084
1525613400.00, 26.1592, 0.0055
1525617000.00, 26.1602, 0.0053
1525620600.00, 26.1755, 0.0069
1525624200.00, 26.1947, 0.0072
1525627800.00, 26.2175, 0.0072
1525631400.00, 26.2362, 0.0066
1525635000.00, 26.2540, 0.0070
1525638600.00, 26.2766, 0.0063
1525642200.00, 26.2898, 0.0061
1525645800.00, 26.3061, 0.0071
1525649400.00, 26.3148, 0.0056
1525653000.00, 26.3162, 0.0052
1525656600.00, 26.3102, 0.0056
1525660200.00, 26.2956, 0.0059
1525663800.00, 26.2793, 0.0082
1525667400.00, 26.2632, 0.0066
1525671000.00, 26.2457, 0.0072
1525674600.00, 26.2251, 0.0078
1525678200.00, 26.2049, 0.0069
1525681800.00, 26.1859, 0.0073
1525685400.00, 26.1657, 0.0086
1525689000.00, 26.1433, 0.0074
1525692600.00, 26.1267, 0.0056
1525696200.00, 26.1269, 0.0059
1525699800.00, 26.1377, 0.0064
1525703400.00, 26.1548, 0.0067
1525707000.00, 26.1740, 0.0076
1525710600.00, 26.1951, 0.0062
1525714200.00, 26.2127, 0.0070
1525717800.00, 26.2324, 0.0080
1525721400.00, 26.2539, 0.0071
1525725000.00, 26.2775, 0.0093
1525728600.00, 26.3015, 0.0081
1525732200.00, 26.3237, 0.0081
1525735800.00, 26.3434, 0.0062
1525739400.00, 26.3575, 0.0057
1525743000.00, 26.3629, 0.0058
1525746600.00, 26.3570, 0.0055
1525750200.00, 26.3465, 0.0060
1525753800.00, 26.3362, 0.0055
1525757400.00, 26.3239, 0.0061
1525761000.00, 26.3107, 0.0044
1525764600.00, 26.2973, 0.0060
1525768200.00, 26.2834, 0.0060
1525771800.00, 26.2681, 0.0067
1525775400.00, 26.2541, 0.0080
1525779000.00, 26.2417, 0.0064
1525782600.00, 26.2407, 0.0055
1525786200.00, 26.2550, 0.0065
1525789800.00, 26.2710, 0.0065
1525793400.00, 26.2922, 0.0073
1525797000.00, 26.3122, 0.0078
1525800600.00, 26.3350, 0.0089
1525804200.00, 26.3595, 0.0089
1525807800.00, 26.3852, 0.0090
1525811400.00, 26.4097, 0.0072
1525815000.00, 26.4338, 0.0086
1525818600.00, 26.4572, 0.0075
1525822200.00, 26.4725, 0.0056
1525825800.00, 26.4831, 0.0053
1525829400.00, 26.4885, 0.0040
1525833000.00, 26.4890, 0.0050
1525836600.00, 26.4835, 0.0051
1525840200.00, 26.4761, 0.0055
1525843800.00, 26.4673, 0.0052
1525847400.00, 26.4563, 0.0060
1525851000.00, 26.4461, 0.0075
1525854600.00, 26.4326, 0.0062
1525858200.00, 26.4190, 0.0059
1525861800.00, 26.4059, 0.0058
1525865400.00, 26.3948, 0.0062
1525869000.00, 26.3820, 0.0070
1525872600.00, 26.3690, 0.0060
1525876200.00, 26.3641, 0.0049
1525879800.00, 26.3744, 0.0056
1525883400.00, 26.3848, 0.0056
1525887000.00, 26.3985, 0.0072
1525890600.00, 26.4202, 0.0082
1525894200.00, 26.4375, 0.0077
1525897800.00, 26.4569, 0.0086
1525901400.00, 26.4813, 0.0090
1525905000.00, 26.5050, 0.0079
1525908600.00, 26.5242, 0.0064
1525912200.00, 26.5390, 0.0061
1525915800.00, 26.5467, 0.0053
1525919400.00, 26.5474, 0.0051
1525923000.00, 26.5466, 0.0051
1525926600.00, 26.5392, 0.0045
1525930200.00, 26.5308, 0.0056
1525933800.00, 26.5202, 0.0042
1525937400.00, 26.5103, 0.0060
1525941000.00, 26.5002, 0.0053
1525944600.00, 26.4893, 0.0057
1525948200.00, 26.4770, 0.0066
1525951800.00, 26.4700, 0.0037
1525955400.00, 26.4736, 0.0054
1525959000.00, 26.4833, 0.0047
1525962600.00, 26.4889, 0.0060
1525966200.00, 26.5025, 0.0064
1525969800.00, 26.5157, 0.0064
1525973400.00, 26.5305, 0.0069
1525977000.00, 26.5456, 0.0061
1525980600.00, 26.5654, 0.0071
1525984200.00, 26.5844, 0.0059
1525987800.00, 26.5965, 0.0070
1525991400.00, 26.6111, 0.0060
1525995000.00, 26.6211, 0.0048
1525998600.00, 26.6252, 0.0050
1526002200.00, 26.6192, 0.0053
1526005800.00, 26.6133, 0.0053
1526009400.00, 26.6015, 0.0065
1526013000.00, 26.5880, 0.0057
1526016600.00, 26.5732, 0.0053
1526020200.00, 26.5551, 0.0064
1526023800.00, 26.5347, 0.0090
1526027400.00, 26.5130, 0.0086
1526031000.00, 26.4846, 0.0106
1526034600.00, 26.4558, 0.0110
1526038200.00, 26.4285, 0.0085
1526041800.00, 26.4037, 0.0080
1526045400.00, 26.3793, 0.0084
1526049000.00, 26.3583, 0.0073
1526052600.00, 26.3395, 0.0067
1526056200.00, 26.3232, 0.0076
1526059800.00, 26.2940, 0.0097
1526063400.00, 26.2668, 0.0083
1526067000.00, 26.2437, 0.0088
1526070600.00, 26.2252, 0.0062
1526074200.00, 26.2103, 0.0059
1526077800.00, 26.1902, 0.0072
1526081400.00, 26.1713, 0.0085
1526085000.00, 26.1443, 0.0073
1526088600.00, 26.1189, 0.0094
1526092200.00, 26.0961, 0.0075
1526095800.00, 26.0749, 0.0078
1526099400.00, 26.0551, 0.0072
1526103000.00, 26.0358, 0.0078
1526106600.00, 26.0133, 0.0086
1526110200.00, 25.9910, 0.0094
1526113800.00, 25.9668, 0.0078
1526117400.00, 25.9430, 0.0086
1526121000.00, 25.9182, 0.0080
1526124600.00, 25.8948, 0.0086
1526128200.00, 25.8732, 0.0067
1526131800.00, 25.8510, 0.0085
1526135400.00, 25.8373, 0.0048
1526139000.00, 25.8265, 0.0063
1526142600.00, 25.8175, 0.0050
1526146200.00, 25.8120, 0.0044
1526149800.00, 25.8087, 0.0053
1526153400.00, 25.7948, 0.0062
1526157000.00, 25.7803, 0.0070
1526160600.00, 25.7681, 0.0053
1526164200.00, 25.7555, 0.0059
1526167800.00, 25.7438, 0.0061
1526171400.00, 25.7306, 0.0056
1526175000.00, 25.7139, 0.0077
1526178600.00, 25.6974, 0.0074
1526182200.00, 25.6812, 0.0063
1526185800.00, 25.6643, 0.0073
1526189400.00, 25.6443, 0.0078
1526193000.00, 25.6256, 0.0074
1526196600.00, 25.6084, 0.0068
1526200200.00, 25.5946, 0.0069
1526203800.00, 25.5813, 0.0064
1526207400.00, 25.5700, 0.0070
1526211000.00, 25.5585, 0.0060
1526214600.00, 25.5460, 0.0061
1526218200.00, 25.5328, 0.0069
1526221800.00, 25.5287, 0.0056
1526225400.00, 25.5256, 0.0050
1526229000.00, 25.5312, 0.0049
1526232600.00, 25.5418, 0.0051
1526236200.00, 25.5557, 0.0080
1526239800.00, 25.5768, 0.0072
1526243400.00, 25.5948, 0.0081
1526247000.00, 25.6132, 0.0067
1526250600.00, 25.6263, 0.0052
1526254200.00, 25.6320, 0.0044
1526257800.00, 25.6315, 0.0047
1526261400.00, 25.6290, 0.0051
1526265000.00, 25.6210, 0.0047
1526268600.00, 25.6130, 0.0056
1526272200.00, 25.6047, 0.0053
1526275800.00, 25.5972, 0.0045
1526279400.00, 25.5883, 0.0052
1526283000.00, 25.5812, 0.0049
1526286600.00, 25.5725, 0.0060
1526290200.00, 25.5653, 0.0050
1526293800.00, 25.5598, 0.0049
1526297400.00, 25.5518, 0.0079
1526301000.00, 25.5335, 0.0065
1526304600.00, 25.5193, 0.0054
1526308200.00, 25.5089, 0.0062
1526311800.00, 25.4865, 0.0093
1526315400.00, 25.5058, 0.0088
1526319000.00, 25.5145, 0.0080
1526322600.00, 25.5100, 0.0050
1526326200.00, 25.5335, 0.0090
1526329800.00, 25.5530, 0.0078
1526333400.00, 25.5705, 0.0085
1526337000.00, 25.5813, 0.0053
1526340600.00, 25.5813, 0.0046
1526344200.00, 25.5817, 0.0049
1526347800.00, 25.5780, 0.0051
1526351400.00, 25.5727, 0.0061
1526355000.00, 25.5672, 0.0055
1526358600.00, 25.5605, 0.0053
1526362200.00, 25.5518, 0.0043
1526365800.00, 25.5428, 0.0052
1526369400.00, 25.5338, 0.0052
1526373000.00, 25.5265, 0.0051
1526376600.00, 25.5188, 0.0061
1526380200.00, 25.5098, 0.0047
1526383800.00, 25.5010, 0.0054
1526387400.00, 25.4945, 0.0050
1526391000.00, 25.4900, 0.0048
1526394600.00, 25.4867, 0.0047
1526398200.00, 25.4839, 0.0049
1526401800.00, 25.4781, 0.0097
1526405400.00, 25.4807, 0.0051
1526409000.00, 25.4797, 0.0058
1526412600.00, 25.4615, 0.0130
1526416200.00, 25.4349, 0.0100
1526419800.00, 25.4040, 0.0116
1526423400.00, 25.3675, 0.0108
1526427000.00, 25.3348, 0.0119
1526430600.00, 25.2982, 0.0126
1526434200.00, 25.2550, 0.0113
1526437800.00, 25.2558, 0.0059
1526441400.00, 25.2605, 0.0043
1526445000.00, 25.2615, 0.0040
1526448600.00, 25.2597, 0.0044
1526452200.00, 25.2570, 0.0059
1526455800.00, 25.2523, 0.0049
1526459400.00, 25.2472, 0.0048
1526463000.00, 25.2410, 0.0046
1526466600.00, 25.2372, 0.0055
1526470200.00, 25.2355, 0.0056
1526473800.00, 25.2472, 0.0071
1526477400.00, 25.2692, 0.0080
1526481000.00, 25.2940, 0.0100
1526484600.00, 25.3270, 0.0114
1526488200.00, 25.3566, 0.0105
1526491800.00, 25.3848, 0.0116
1526495400.00, 25.4166, 0.0103
1526499000.00, 25.4462, 0.0098
1526502600.00, 25.4816, 0.0107
1526506200.00, 25.5135, 0.0112
1526509800.00, 25.5459, 0.0096
1526513400.00, 25.5771, 0.0102
1526517000.00, 25.6049, 0.0080
1526520600.00, 25.6255, 0.0064
1526524200.00, 25.6398, 0.0071
1526527800.00, 25.6528, 0.0055
1526531400.00, 25.6605, 0.0055
1526535000.00, 25.6652, 0.0056
1526538600.00, 25.6695, 0.0049
1526542200.00, 25.6751, 0.0050
1526545800.00, 25.6760, 0.0052
1526549400.00, 25.6795, 0.0046
1526553000.00, 25.6782, 0.0039
1526556600.00, 25.6832, 0.0050
1526560200.00, 25.7008, 0.0077
1526563800.00, 25.7250, 0.0085
1526567400.00, 25.7538, 0.0100
1526571000.00, 25.7846, 0.0096
1526574600.00, 25.8113, 0.0081
1526578200.00, 25.8362, 0.0102
1526581800.00, 25.8630, 0.0092
1526585400.00, 25.8883, 0.0088
1526589000.00, 25.9125, 0.0081
1526592600.00, 25.9340, 0.0069
1526596200.00, 25.9539, 0.0061
1526599800.00, 25.9717, 0.0073
1526603400.00, 25.9845, 0.0062
1526607000.00, 25.9931, 0.0049
1526610600.00, 25.9990, 0.0043
1526614200.00, 26.0017, 0.0049
1526617800.00, 26.0015, 0.0048
1526621400.00, 26.0020, 0.0044
1526625000.00, 26.0026, 0.0044
1526628600.00, 25.9995, 0.0049
1526632200.00, 25.9997, 0.0046
1526635800.00, 25.9974, 0.0048
1526639400.00, 25.9938, 0.0052
1526643000.00, 25.9926, 0.0044
1526646600.00, 25.9958, 0.0061
1526650200.00, 26.0089, 0.0062
1526653800.00, 26.0250, 0.0065
1526657400.00, 26.0422, 0.0071
1526661000.00, 26.0572, 0.0066
1526664600.00, 26.0748, 0.0065
1526668200.00, 26.0930, 0.0055
1526671800.00, 26.1107, 0.0072
1526675400.00, 26.1273, 0.0057
1526679000.00, 26.1330, 0.0059
1526682600.00, 26.1363, 0.0051
1526686200.00, 26.1382, 0.0047
1526689800.00, 26.1416, 0.0052
1526693400.00, 26.1444, 0.0059
1526697000.00, 26.1469, 0.0053
1526700600.00, 26.1469, 0.0050
1526704200.00, 26.1497, 0.0054
1526707800.00, 26.1531, 0.0053
1526711400.00, 26.1560, 0.0055
1526715000.00, 26.1593, 0.0044
1526718600.00, 26.1622, 0.0045
1526722200.00, 26.1660, 0.0061
1526725800.00, 26.1684, 0.0045
1526729400.00, 26.1705, 0.0043
1526733000.00, 26.1721, 0.0045
1526736600.00, 26.1780, 0.0054
1526740200.00, 26.1838, 0.0052
1526743800.00, 26.1910, 0.0047
1526747400.00, 26.1967, 0.0056
1526751000.00, 26.2050, 0.0053
1526754600.00, 26.2122, 0.0058
1526758200.00, 26.2244, 0.0064
1526761800.00, 26.2331, 0.0053
1526765400.00, 26.2418, 0.0056
1526769000.00, 26.2523, 0.0058
1526772600.00, 26.2630, 0.0046
1526776200.00, 26.2685, 0.0048
1526779800.00, 26.2728, 0.0052
1526783400.00, 26.2755, 0.0050
1526787000.00, 26.2760, 0.0058
1526790600.00, 26.2727, 0.0048
1526794200.00, 26.2717, 0.0037
1526797800.00, 26.2682, 0.0053
1526801400.00, 26.2628, 0.0049
1526805000.00, 26.2530, 0.0067
1526808600.00, 26.2402, 0.0068
1526812200.00, 26.2265, 0.0063
1526815800.00, 26.2135, 0.0068
1526819400.00, 26.2000, 0.0066
1526823000.00, 26.1860, 0.0052
1526826600.00, 26.1718, 0.0065
1526830200.00, 26.1572, 0.0069
1526833800.00, 26.1412, 0.0055
1526837400.00, 26.1303, 0.0058
1526841000.00, 26.1258, 0.0049
1526844600.00, 26.1233, 0.0047
1526848200.00, 26.1207, 0.0048
1526851800.00, 26.1205, 0.0050
1526855400.00, 26.1190, 0.0051
1526859000.00, 26.1139, 0.0055
1526862600.00, 26.1068, 0.0053
1526866200.00, 26.0965, 0.0057
1526869800.00, 26.0839, 0.0066
1526873400.00, 26.0618, 0.0205
1526877000.00, 26.0062, 0.0218
1526880600.00, 26.0145, 0.0056
1526884200.00, 26.0067, 0.0057
1526887800.00, 25.9989, 0.0063
1526891400.00, 25.9868, 0.0053
1526895000.00, 25.9767, 0.0057
1526898600.00, 25.9663, 0.0052
1526902200.00, 25.9540, 0.0075
1526905800.00, 25.9405, 0.0061
1526909400.00, 25.9225, 0.0081
1526913000.00, 25.9063, 0.0068
1526916600.00, 25.8900, 0.0086
1526920200.00, 25.8673, 0.0077
1526923800.00, 25.8448, 0.0072
1526927400.00, 25.8277, 0.0064
1526931000.00, 25.8090, 0.0079
1526934600.00, 25.7953, 0.0069
1526938200.00, 25.7783, 0.0069
1526941800.00, 25.7607, 0.0060
1526945400.00, 25.7465, 0.0070
1526949000.00, 25.7333, 0.0065
1526952600.00, 25.7177, 0.0076
1526956200.00, 25.6998, 0.0068
1526959800.00, 25.6827, 0.0077
1526963400.00, 25.6657, 0.0064
1526967000.00, 25.6478, 0.0055
1526970600.00, 25.6310, 0.0057
1526974200.00, 25.6152, 0.0072
1526977800.00, 25.5993, 0.0075
1526981400.00, 25.5827, 0.0065
1526985000.00, 25.5648, 0.0062
1526988600.00, 25.5507, 0.0079
1526992200.00, 25.5355, 0.0064
1526995800.00, 25.5223, 0.0066
1526999400.00, 25.5098, 0.0064
1527003000.00, 25.5015, 0.0048
1527006600.00, 25.4956, 0.0056
1527010200.00, 25.4923, 0.0050
1527013800.00, 25.4908, 0.0042
1527017400.00, 25.4896, 0.0049
1527021000.00, 25.4861, 0.0055
1527024600.00, 25.4822, 0.0049
1527028200.00, 25.4808, 0.0049
1527031800.00, 25.4768, 0.0053
1527035400.00, 25.4705, 0.0059
1527039000.00, 25.4598, 0.0067
1527042600.00, 25.4452, 0.0062
1527046200.00, 25.4317, 0.0069
1527049800.00, 25.4147, 0.0067
1527053400.00, 25.3985, 0.0057
1527057000.00, 25.3812, 0.0075
1527060600.00, 25.3617, 0.0086
1527064200.00, 25.3425, 0.0085
1527067800.00, 25.3216, 0.0068
1527071400.00, 25.3003, 0.0075
1527075000.00, 25.2845, 0.0053
1527078600.00, 25.2753, 0.0056
1527082200.00, 25.2787, 0.0064
1527085800.00, 25.2858, 0.0056
1527089400.00, 25.2962, 0.0069
1527093000.00, 25.3008, 0.0049
1527096600.00, 25.3063, 0.0055
1527100200.00, 25.3127, 0.0063
1527103800.00, 25.3187, 0.0053
1527107400.00, 25.3313, 0.0076
1527111000.00, 25.3413, 0.0053
1527114600.00, 25.3538, 0.0055
1527118200.00, 25.3595, 0.0053
1527121800.00, 25.3607, 0.0048
1527125400.00, 25.3580, 0.0048
1527129000.00, 25.3493, 0.0051
1527132600.00, 25.3377, 0.0062
1527136200.00, 25.3237, 0.0075
1527139800.00, 25.3053, 0.0067
1527143400.00, 25.2905, 0.0064
1527147000.00, 25.2752, 0.0067
1527150600.00, 25.2595, 0.0067
1527154200.00, 25.2430, 0.0064
1527157800.00, 25.2273, 0.0075
1527161400.00, 25.2158, 0.0056
1527165000.00, 25.2203, 0.0058
1527168600.00, 25.2267, 0.0054
1527172200.00, 25.2362, 0.0055
1527175800.00, 25.2484, 0.0061
1527179400.00, 25.2578, 0.0071
1527183000.00, 25.2670, 0.0059
1527186600.00, 25.2753, 0.0062
1527190200.00, 25.2907, 0.0083
1527193800.00, 25.3072, 0.0069
1527197400.00, 25.3208, 0.0064
1527201000.00, 25.3327, 0.0060
1527204600.00, 25.3447, 0.0050
1527208200.00, 25.3640, 0.0066
1527211800.00, 25.3773, 0.0063
1527215400.00, 25.3815, 0.0040
1527219000.00, 25.3823, 0.0042
1527222600.00, 25.3820, 0.0051
1527226200.00, 25.3800, 0.0045
1527229800.00, 25.3740, 0.0055
1527233400.00, 25.3700, 0.0055
1527237000.00, 25.3653, 0.0050
1527240600.00, 25.3592, 0.0059
1527244200.00, 25.3545, 0.0053
1527247800.00, 25.3529, 0.0052
1527251400.00, 25.3682, 0.0056
1527255000.00, 25.3868, 0.0072
1527258600.00, 25.4057, 0.0076
1527262200.00, 25.4315, 0.0083
1527265800.00, 25.4572, 0.0080
1527269400.00, 25.4813, 0.0074
1527273000.00, 25.5080, 0.0079
1527276600.00, 25.5405, 0.0115
1527280200.00, 25.5777, 0.0124
1527283800.00, 25.6157, 0.0118
1527287400.00, 25.6466, 0.0108
1527291000.00, 25.6765, 0.0083
1527294600.00, 25.7028, 0.0098
1527298200.00, 25.7257, 0.0086
1527301800.00, 25.7472, 0.0078
1527305400.00, 25.7697, 0.0082
1527309000.00, 25.7882, 0.0081
1527312600.00, 25.8085, 0.0070
1527316200.00, 25.8270, 0.0073
1527319800.00, 25.8433, 0.0062
1527323400.00, 25.8592, 0.0061
1527327000.00, 25.8743, 0.0056
1527330600.00, 25.8869, 0.0069
1527334200.00, 25.9015, 0.0067
1527337800.00, 25.9215, 0.0091
1527341400.00, 25.9542, 0.0119
1527345000.00, 25.9855, 0.0102
1527348600.00, 26.0163, 0.0103
1527352200.00, 26.0485, 0.0101
1527355800.00, 26.0798, 0.0104
1527359400.00, 26.1144, 0.0110
1527363000.00, 26.1502, 0.0115
1527366600.00, 26.1874, 0.0117
1527370200.00, 26.2257, 0.0117
1527373800.00, 26.2638, 0.0119
1527377400.00, 26.3008, 0.0108
1527381000.00, 26.3344, 0.0106
1527384600.00, 26.3615, 0.0079
1527388200.00, 26.3823, 0.0072
1527391800.00, 26.4018, 0.0076
1527395400.00, 26.4189, 0.0066
1527399000.00, 26.4317, 0.0058
1527402600.00, 26.4438, 0.0061
1527406200.00, 26.4566, 0.0070
1527409800.00, 26.4657, 0.0056
1527413400.00, 26.4741, 0.0055
1527417000.00, 26.4839, 0.0066
1527420600.00, 26.5005, 0.0088
1527424200.00, 26.5260, 0.0107
1527427800.00, 26.5562, 0.0104
1527431400.00, 26.5895, 0.0111
1527435000.00, 26.6235, 0.0117
1527438600.00, 26.6572, 0.0109
1527442200.00, 26.6915, 0.0122
1527445800.00, 26.7262, 0.0110
1527449400.00, 26.7629, 0.0110
1527453000.00, 26.7983, 0.0113
1527456600.00, 26.8360, 0.0114
1527460200.00, 26.8730, 0.0123
1527463800.00, 26.9043, 0.0104
1527467400.00, 26.9352, 0.0092
1527471000.00, 26.9577, 0.0080
1527474600.00, 26.9789, 0.0063
1527478200.00, 26.9922, 0.0055
1527481800.00, 27.0062, 0.0061
1527485400.00, 27.0182, 0.0053
1527489000.00, 27.0252, 0.0050
1527492600.00, 27.0320, 0.0051
1527496200.00, 27.0389, 0.0048
1527499800.00, 27.0436, 0.0051
1527503400.00, 27.0475, 0.0060
1527507000.00, 27.0559, 0.0071
1527510600.00, 27.0767, 0.0091
1527514200.00, 27.1003, 0.0087
1527517800.00, 27.1274, 0.0090
1527521400.00, 27.1542, 0.0082
1527525000.00, 27.1793, 0.0087
1527528600.00, 27.2010, 0.0079
1527532200.00, 27.2245, 0.0086
1527535800.00, 27.2498, 0.0076
1527539400.00, 27.2766, 0.0096
1527543000.00, 27.3042, 0.0097
1527546600.00, 27.3330, 0.0099
1527550200.00, 27.3605, 0.0088
1527553800.00, 27.3858, 0.0075
1527557400.00, 27.4043, 0.0056
1527561000.00, 27.4170, 0.0056
1527564600.00, 27.4262, 0.0058
1527568200.00, 27.4326, 0.0051
1527571800.00, 27.4392, 0.0036
1527575400.00, 27.4393, 0.0040
1527579000.00, 27.4437, 0.0055
1527582600.00, 27.4436, 0.0055
1527586200.00, 27.4417, 0.0045
1527589800.00, 27.4400, 0.0051
1527593400.00, 27.4408, 0.0038
1527597000.00, 27.4480, 0.0048
1527600600.00, 27.4595, 0.0064
1527604200.00, 27.4732, 0.0065
1527607800.00, 27.4837, 0.0066
1527611400.00, 27.4953, 0.0053
1527615000.00, 27.5082, 0.0062
1527618600.00, 27.5243, 0.0053
1527622200.00, 27.5373, 0.0054
1527625800.00, 27.5493, 0.0068
1527629400.00, 27.5625, 0.0067
1527633000.00, 27.5767, 0.0062
1527636600.00, 27.5898, 0.0065
1527640200.00, 27.5965, 0.0048
1527643800.00, 27.6002, 0.0047
1527647400.00, 27.6002, 0.0056
1527651000.00, 27.5993, 0.0054
1527654600.00, 27.5940, 0.0055
1527658200.00, 27.5882, 0.0046
1527661800.00, 27.5832, 0.0050
1527665400.00, 27.5782, 0.0050
1527669000.00, 27.5719, 0.0053
1527672600.00, 27.5653, 0.0053
1527676200.00, 27.5575, 0.0056
1527679800.00, 27.5502, 0.0067
1527683400.00, 27.5390, 0.0060
1527687000.00, 27.5337, 0.0063
1527690600.00, 27.5268, 0.0050
1527694200.00, 27.5328, 0.0058
1527697800.00, 27.5305, 0.0049
1527701400.00, 27.5288, 0.0052
1527705000.00, 27.5323, 0.0052
1527708600.00, 27.5337, 0.0052
1527712200.00, 27.5328, 0.0058
1527715800.00, 27.5237, 0.0058
1527719400.00, 27.5128, 0.0071
1527723000.00, 27.4949, 0.0067
1527726600.00, 27.4775, 0.0060
1527730200.00, 27.4610, 0.0068
1527733800.00, 27.4478, 0.0069
1527737400.00, 27.4360, 0.0061
1527741000.00, 27.4228, 0.0058
1527744600.00, 27.4094, 0.0053
1527748200.00, 27.3973, 0.0068
1527751800.00, 27.3803, 0.0060
1527755400.00, 27.3625, 0.0062
1527759000.00, 27.3455, 0.0074
1527762600.00, 27.3276, 0.0073
1527766200.00, 27.3063, 0.0073
1527769800.00, 27.2963, 0.0052
1527773400.00, 27.2965, 0.0048
1527777000.00, 27.2967, 0.0047
1527780600.00, 27.3022, 0.0066
1527784200.00, 27.3125, 0.0047
1527787800.00, 27.3165, 0.0060
1527791400.00, 27.3250, 0.0056
1527795000.00, 27.3345, 0.0056
1527798600.00, 27.3450, 0.0053
1527802200.00, 27.3517, 0.0052
1527805800.00, 27.3588, 0.0058
1527809400.00, 27.3670, 0.0053
1527813000.00, 27.3688, 0.0055
1527816600.00, 27.3623, 0.0053
1527820200.00, 27.3572, 0.0061
1527823800.00, 27.3485, 0.0073
1527827400.00, 27.3372, 0.0052
1527831000.00, 27.3200, 0.0066
1527834600.00, 27.3045, 0.0074
1527838200.00, 27.2897, 0.0084
1527841800.00, 27.2708, 0.0082
1527845400.00, 27.2480, 0.0083
1527849000.00, 27.2263, 0.0088
1527852600.00, 27.2098, 0.0050
1527856200.00, 27.2220, 0.0060
1527859800.00, 27.2371, 0.0066
1527863400.00, 27.2507, 0.0063
1527867000.00, 27.2657, 0.0056
1527870600.00, 27.2768, 0.0057
1527874200.00, 27.2890, 0.0047
1527877800.00, 27.2973, 0.0065
1527881400.00, 27.3097, 0.0057
1527885000.00, 27.3243, 0.0071
1527888600.00, 27.3367, 0.0056
1527892200.00, 27.3482, 0.0059
1527895800.00, 27.3507, 0.0047
1527899400.00, 27.3513, 0.0043
1527903000.00, 27.3507, 0.0048
1527906600.00, 27.3477, 0.0050
1527910200.00, 27.3370, 0.0076
1527913800.00, 27.3221, 0.0058
1527917400.00, 27.3098, 0.0055
1527921000.00, 27.2938, 0.0071
1527924600.00, 27.2766, 0.0062
1527928200.00, 27.2622, 0.0069
1527931800.00, 27.2475, 0.0067
1527935400.00, 27.2320, 0.0060
1527939000.00, 27.2212, 0.0058
1527942600.00, 27.2120, 0.0054
1527946200.00, 27.2064, 0.0051
1527949800.00, 27.2057, 0.0050
1527953400.00, 27.2070, 0.0052
1527957000.00, 27.2113, 0.0043
1527960600.00, 27.2182, 0.0042
1527964200.00, 27.2265, 0.0051
1527967800.00, 27.2312, 0.0061
1527971400.00, 27.2405, 0.0062
1527975000.00, 27.2517, 0.0055
1527978600.00, 27.2594, 0.0047
1527982200.00, 27.2627, 0.0054
1527985800.00, 27.2652, 0.0050
1527989400.00, 27.2657, 0.0053
1527993000.00, 27.2657, 0.0050
1527996600.00, 27.2623, 0.0049
1528000200.00, 27.2617, 0.0055
1528003800.00, 27.2576, 0.0059
1528007400.00, 27.2522, 0.0049
1528011000.00, 27.2477, 0.0046
1528014600.00, 27.2410, 0.0050
1528018200.00, 27.2374, 0.0051
1528021800.00, 27.2292, 0.0045
1528025400.00, 27.2298, 0.0042
1528029000.00, 27.2379, 0.0060
1528032600.00, 27.2441, 0.0058
1528036200.00, 27.2577, 0.0065
1528039800.00, 27.2708, 0.0074
1528043400.00, 27.2760, 0.0061
1528047000.00, 27.2849, 0.0056
1528050600.00, 27.2937, 0.0060
1528054200.00, 27.3083, 0.0064
1528057800.00, 27.3155, 0.0053
1528061400.00, 27.3238, 0.0052
1528065000.00, 27.3338, 0.0055
1528068600.00, 27.3420, 0.0054
1528072200.00, 27.3440, 0.0052
1528075800.00, 27.3470, 0.0058
1528079400.00, 27.3434, 0.0048
1528083000.00, 27.3390, 0.0057
1528086600.00, 27.3297, 0.0057
1528090200.00, 27.3223, 0.0053
1528093800.00, 27.3102, 0.0059
1528097400.00, 27.3002, 0.0056
1528101000.00, 27.2863, 0.0058
1528104600.00, 27.2734, 0.0062
1528108200.00, 27.2620, 0.0060
1528111800.00, 27.2526, 0.0044
1528115400.00, 27.2575, 0.0057
1528119000.00, 27.2682, 0.0064
1528122600.00, 27.2803, 0.0058
1528126200.00, 27.2880, 0.0083
1528129800.00, 27.2951, 0.0059
1528133400.00, 27.3044, 0.0071
1528137000.00, 27.3092, 0.0061
1528140600.00, 27.3182, 0.0065
1528144200.00, 27.3306, 0.0067
1528147800.00, 27.3448, 0.0074
1528151400.00, 27.3602, 0.0061
1528155000.00, 27.3707, 0.0072
1528158600.00, 27.3847, 0.0072
1528162200.00, 27.3930, 0.0066
1528165800.00, 27.3957, 0.0056
1528169400.00, 27.3939, 0.0055
1528173000.00, 27.3938, 0.0055
1528176600.00, 27.3927, 0.0054
1528180200.00, 27.3887, 0.0049
1528183800.00, 27.3867, 0.0050
1528187400.00, 27.3805, 0.0046
1528191000.00, 27.3743, 0.0056
1528194600.00, 27.3685, 0.0054
1528198200.00, 27.3639, 0.0052
1528201800.00, 27.3650, 0.0053
1528205400.00, 27.3787, 0.0069
1528209000.00, 27.3897, 0.0069
1528212600.00, 27.4061, 0.0082
1528216200.00, 27.4157, 0.0069
1528219800.00, 27.4212, 0.0063
1528223400.00, 27.4249, 0.0050
1528227000.00, 27.4295, 0.0056
1528230600.00, 27.4323, 0.0056
1528234200.00, 27.4337, 0.0057
1528237800.00, 27.4334, 0.0051
1528241400.00, 27.4327, 0.0054
1528245000.00, 27.4285, 0.0044
1528248600.00, 27.4216, 0.0049
1528252200.00, 27.4109, 0.0057
1528255800.00, 27.3998, 0.0059
1528259400.00, 27.3865, 0.0062
1528263000.00, 27.3723, 0.0064
1528266600.00, 27.3545, 0.0073
1528270200.00, 27.3368, 0.0070
1528273800.00, 27.3207, 0.0063
1528277400.00, 27.3028, 0.0064
1528281000.00, 27.2845, 0.0067
1528284600.00, 27.2697, 0.0077
1528288200.00, 27.2675, 0.0047
1528291800.00, 27.2728, 0.0058
1528295400.00, 27.2831, 0.0059
1528299000.00, 27.2883, 0.0049
1528302600.00, 27.2982, 0.0061
1528306200.00, 27.2948, 0.0053
1528309800.00, 27.2898, 0.0043
1528313400.00, 27.2919, 0.0054
1528317000.00, 27.2978, 0.0049
1528320600.00, 27.3050, 0.0053
1528324200.00, 27.3145, 0.0056
1528327800.00, 27.3260, 0.0066
1528331400.00, 27.3336, 0.0057
1528335000.00, 27.3375, 0.0047
1528338600.00, 27.3385, 0.0040
1528342200.00, 27.3389, 0.0052
1528345800.00, 27.3417, 0.0055
1528349400.00, 27.3413, 0.0053
1528353000.00, 27.3392, 0.0049
1528356600.00, 27.3380, 0.0051
1528360200.00, 27.3357, 0.0059
1528363800.00, 27.3318, 0.0042
1528367400.00, 27.3285, 0.0040
1528371000.00, 27.3210, 0.0047
1528374600.00, 27.3231, 0.0069
1528378200.00, 27.3310, 0.0050
1528381800.00, 27.3479, 0.0081
1528385400.00, 27.3696, 0.0077
1528389000.00, 27.3813, 0.0083
1528392600.00, 27.3974, 0.0074
1528396200.00, 27.4152, 0.0062
1528399800.00, 27.4337, 0.0057
1528403400.00, 27.4498, 0.0076
1528407000.00, 27.4744, 0.0090
1528410600.00, 27.4926, 0.0070
1528414200.00, 27.5127, 0.0081
1528417800.00, 27.5233, 0.0050
1528421400.00, 27.5292, 0.0053
1528425000.00, 27.5292, 0.0054
1528428600.00, 27.5238, 0.0052
1528432200.00, 27.5195, 0.0050
1528435800.00, 27.5115, 0.0051
1528439400.00, 27.5047, 0.0056
1528443000.00, 27.4956, 0.0056
1528446600.00, 27.4870, 0.0053
1528450200.00, 27.4789, 0.0044
1528453800.00, 27.4711, 0.0045
1528457400.00, 27.4626, 0.0048
1528461000.00, 27.4603, 0.0050
1528464600.00, 27.4541, 0.0052
1528468200.00, 27.4451, 0.0056
1528471800.00, 27.4383, 0.0049
1528475400.00, 27.4369, 0.0056
1528479000.00, 27.4398, 0.0049
1528482600.00, 27.4443, 0.0061
1528486200.00, 27.4495, 0.0056
1528489800.00, 27.4521, 0.0052
1528493400.00, 27.4565, 0.0054
1528497000.00, 27.4626, 0.0051
1528500600.00, 27.4677, 0.0058
1528504200.00, 27.4707, 0.0036
1528507800.00, 27.4740, 0.0052
1528511400.00, 27.4748, 0.0050
1528515000.00, 27.4674, 0.0051
1528518600.00, 27.4619, 0.0047
1528522200.00, 27.4548, 0.0059
1528525800.00, 27.4473, 0.0054
1528529400.00, 27.4405, 0.0055
1528533000.00, 27.4315, 0.0051
1528536600.00, 27.4273, 0.0060
1528540200.00, 27.4200, 0.0066
1528543800.00, 27.4100, 0.0000
1528547400.00, nan, nan
1528551000.00, nan, nan
1528554600.00, nan, nan
1528558200.00, nan, nan
1528561800.00, 27.3961, 0.0055
1528565400.00, 27.4043, 0.0067
1528569000.00, 27.4133, 0.0059
1528572600.00, 27.4242, 0.0064
1528576200.00, 27.4389, 0.0066
1528579800.00, 27.4547, 0.0071
1528583400.00, 27.4692, 0.0061
1528587000.00, 27.4825, 0.0067
1528590600.00, 27.4948, 0.0059
1528594200.00, 27.5027, 0.0048
1528597800.00, 27.5047, 0.0053
1528601400.00, 27.4987, 0.0046
1528605000.00, 27.4947, 0.0053
1528608600.00, 27.4858, 0.0049
1528612200.00, 27.4837, 0.0052
1528615800.00, 27.4748, 0.0056
1528619400.00, 27.4711, 0.0047
1528623000.00, 27.4618, 0.0059
1528626600.00, 27.4566, 0.0051
1528630200.00, 27.4514, 0.0053
1528633800.00, 27.4492, 0.0056
1528637400.00, 27.4440, 0.0049
1528641000.00, 27.4408, 0.0033
1528644600.00, 27.4362, 0.0061
1528648200.00, 27.4335, 0.0057
1528651800.00, 27.4292, 0.0045
1528655400.00, 27.4262, 0.0052
1528659000.00, 27.4226, 0.0048
1528662600.00, 27.4244, 0.0053
1528666200.00, 27.4242, 0.0058
1528669800.00, 27.4208, 0.0049
1528673400.00, 27.4175, 0.0056
1528677000.00, 27.4142, 0.0053
1528680600.00, 27.4098, 0.0053
1528684200.00, 27.4034, 0.0051
1528687800.00, 27.3975, 0.0056
1528691400.00, 27.3921, 0.0052
1528695000.00, 27.3846, 0.0056
1528698600.00, 27.3775, 0.0050
1528702200.00, 27.3704, 0.0064
1528705800.00, 27.3650, 0.0056
1528709400.00, 27.3562, 0.0052
1528713000.00, 27.3497, 0.0051
1528716600.00, 27.3402, 0.0053
1528720200.00, 27.3353, 0.0059
1528723800.00, 27.3297, 0.0049
1528727400.00, 27.3265, 0.0051
1528731000.00, 27.3243, 0.0058
1528734600.00, 27.3233, 0.0062
1528738200.00, 27.3248, 0.0056
1528741800.00, 27.3230, 0.0052
1528745400.00, 27.3255, 0.0050
1528749000.00, 27.3232, 0.0050
1528752600.00, 27.3233, 0.0050
1528756200.00, 27.3244, 0.0050
1528759800.00, 27.3245, 0.0053
1528763400.00, 27.3223, 0.0050
1528767000.00, 27.3213, 0.0046
1528770600.00, 27.3184, 0.0049
1528774200.00, 27.3187, 0.0043
1528777800.00, 27.3161, 0.0053
1528781400.00, 27.3105, 0.0046
1528785000.00, 27.3036, 0.0048
1528788600.00, 27.3003, 0.0041
1528792200.00, 27.2952, 0.0053
1528795800.00, 27.2912, 0.0049
1528799400.00, 27.2879, 0.0048
1528803000.00, 27.2852, 0.0053
1528806600.00, 27.2823, 0.0046
1528810200.00, 27.2860, 0.0055
1528813800.00, 27.2892, 0.0060
1528817400.00, 27.2958, 0.0053
1528821000.00, 27.2989, 0.0045
1528824600.00, 27.3046, 0.0059
1528828200.00, 27.3165, 0.0065
1528831800.00, 27.3303, 0.0068
1528835400.00, 27.3430, 0.0067
1528839000.00, 27.3594, 0.0072
1528842600.00, 27.3698, 0.0056
1528846200.00, 27.3851, 0.0059
1528849800.00, 27.3906, 0.0047
1528853400.00, 27.3953, 0.0050
1528857000.00, 27.4029, 0.0045
1528860600.00, 27.4066, 0.0057
1528864200.00, 27.4050, 0.0056
1528867800.00, 27.4052, 0.0054
1528871400.00, 27.4027, 0.0044
1528875000.00, 27.4015, 0.0057
1528878600.00, 27.3993, 0.0048
1528882200.00, 27.3952, 0.0050
1528885800.00, 27.3942, 0.0049
1528889400.00, 27.3927, 0.0054
1528893000.00, 27.3944, 0.0053
1528896600.00, 27.4015, 0.0051
1528900200.00, 27.4148, 0.0069
1528903800.00, 27.4263, 0.0063
1528907400.00, 27.4388, 0.0066
1528911000.00, 27.4484, 0.0058
1528914600.00, 27.4555, 0.0062
1528918200.00, 27.4680, 0.0070
1528921800.00, 27.4795, 0.0046
1528925400.00, 27.4910, 0.0062
1528929000.00, 27.5027, 0.0054
1528932600.00, 27.5161, 0.0066
1528936200.00, 27.5285, 0.0054
1528939800.00, 27.5315, 0.0057
1528943400.00, 27.5302, 0.0053
1528947000.00, 27.5216, 0.0052
1528950600.00, 27.5142, 0.0049
1528954200.00, 27.5038, 0.0071
1528957800.00, 27.4929, 0.0058
1528961400.00, 27.4826, 0.0059
1528965000.00, 27.4682, 0.0065
1528968600.00, 27.4554, 0.0059
1528972200.00, 27.4438, 0.0055
1528975800.00, 27.4332, 0.0050
1528979400.00, 27.4268, 0.0056
1528983000.00, 27.4282, 0.0059
1528986600.00, 27.4319, 0.0043
1528990200.00, 27.4303, 0.0053
1528993800.00, 27.4334, 0.0051
1528997400.00, 27.4356, 0.0050
1529001000.00, 27.4375, 0.0056
1529004600.00, 27.4425, 0.0054
1529008200.00, 27.4444, 0.0056
1529011800.00, 27.4442, 0.0056
1529015400.00, 27.4473, 0.0048
1529019000.00, 27.4465, 0.0048
1529022600.00, 27.4445, 0.0050
1529026200.00, 27.4448, 0.0056
1529029800.00, 27.4411, 0.0032
1529033400.00, 27.4369, 0.0059
1529037000.00, 27.4308, 0.0045
1529040600.00, 27.4228, 0.0063
1529044200.00, 27.4122, 0.0055
1529047800.00, 27.4056, 0.0056
1529051400.00, 27.3983, 0.0062
1529055000.00, 27.3913, 0.0050
1529058600.00, 27.3852, 0.0056
1529062200.00, 27.3803, 0.0044
1529065800.00, 27.3822, 0.0058
1529069400.00, 27.3818, 0.0052
1529073000.00, 27.3797, 0.0036
1529076600.00, 27.3788, 0.0049
1529080200.00, 27.3817, 0.0049
1529083800.00, 27.3892, 0.0059
1529087400.00, 27.3990, 0.0061
1529091000.00, 27.4165, 0.0075
1529094600.00, 27.4341, 0.0075
1529098200.00, 27.4568, 0.0070
1529101800.00, 27.4785, 0.0083
1529105400.00, 27.5052, 0.0094
1529109000.00, 27.5241, 0.0069
1529112600.00, 27.5405, 0.0076
1529116200.00, 27.5510, 0.0047
1529119800.00, 27.5605, 0.0056
1529123400.00, 27.5694, 0.0063
1529127000.00, 27.5778, 0.0052
1529130600.00, 27.5833, 0.0059
1529134200.00, 27.5912, 0.0045
1529137800.00, 27.5954, 0.0056
1529141400.00, 27.5992, 0.0049
1529145000.00, 27.6005, 0.0038
1529148600.00, 27.6010, 0.0040
1529152200.00, 27.6070, 0.0069
1529155800.00, 27.6268, 0.0062
1529159400.00, 27.6452, 0.0084
1529163000.00, 27.6732, 0.0106
1529166600.00, 27.6967, 0.0074
1529170200.00, 27.7197, 0.0091
1529173800.00, 27.7490, 0.0096
1529177400.00, 27.7758, 0.0084
1529181000.00, 27.8047, 0.0109
1529184600.00, 27.8349, 0.0089
1529188200.00, 27.8638, 0.0096
1529191800.00, 27.8898, 0.0080
1529195400.00, 27.9128, 0.0078
1529199000.00, 27.9320, 0.0062
1529202600.00, 27.9456, 0.0064
1529206200.00, 27.9573, 0.0062
1529209800.00, 27.9679, 0.0066
1529213400.00, 27.9711, 0.0041
1529217000.00, 27.9800, 0.0057
1529220600.00, 27.9852, 0.0053
1529224200.00, 27.9915, 0.0040
1529227800.00, 27.9952, 0.0056
1529231400.00, 27.9997, 0.0036
1529235000.00, 28.0033, 0.0053
1529238600.00, 28.0187, 0.0069
1529242200.00, 28.0362, 0.0082
1529245800.00, 28.0627, 0.0105
1529249400.00, 28.1007, 0.0075
1529253000.00, 28.1152, 0.0074
1529256600.00, 28.1398, 0.0095
1529260200.00, 28.1661, 0.0101
1529263800.00, 28.1943, 0.0094
1529267400.00, 28.2233, 0.0101
1529271000.00, 28.2505, 0.0079
1529274600.00, 28.2722, 0.0080
1529278200.00, 28.2918, 0.0079
1529281800.00, 28.3095, 0.0097
1529285400.00, 28.3240, 0.0063
1529289000.00, 28.3338, 0.0061
1529292600.00, 28.3420, 0.0051
1529296200.00, 28.3475, 0.0053
1529299800.00, 28.3502, 0.0061
1529303400.00, 28.3525, 0.0047
1529307000.00, 28.3529, 0.0052
1529310600.00, 28.3547, 0.0050
1529314200.00, 28.3548, 0.0053
1529317800.00, 28.3557, 0.0053
1529321400.00, 28.3595, 0.0059
1529325000.00, 28.3757, 0.0062
1529328600.00, 28.3853, 0.0053
1529332200.00, 28.3950, 0.0059
1529335800.00, 28.4116, 0.0079
1529339400.00, 28.4261, 0.0069
1529343000.00, 28.4410, 0.0065
1529346600.00, 28.4528, 0.0058
1529350200.00, 28.4690, 0.0079
1529353800.00, 28.4907, 0.0085
1529357400.00, 28.5107, 0.0062
1529361000.00, 28.5283, 0.0076
1529364600.00, 28.5522, 0.0073
1529368200.00, 28.5640, 0.0052
1529371800.00, 28.5680, 0.0060
1529375400.00, 28.5662, 0.0055
1529379000.00, 28.5635, 0.0051
1529382600.00, 28.5588, 0.0045
1529386200.00, 28.5593, 0.0051
1529389800.00, 28.5600, 0.0045
1529393400.00, 28.5544, 0.0053
1529397000.00, 28.5472, 0.0045
1529400600.00, 28.5398, 0.0053
1529404200.00, 28.5334, 0.0051
1529407800.00, 28.5262, 0.0055
1529411400.00, 28.5202, 0.0043
1529415000.00, 28.5152, 0.0056
1529418600.00, 28.5127, 0.0051
1529422200.00, 28.5107, 0.0051
1529425800.00, 28.5138, 0.0058
1529429400.00, 28.5270, 0.0071
1529433000.00, 28.5400, 0.0072
1529436600.00, 28.5542, 0.0076
1529440200.00, 28.5659, 0.0058
1529443800.00, 28.5748, 0.0053
1529447400.00, 28.5823, 0.0055
1529451000.00, 28.5874, 0.0057
1529454600.00, 28.5855, 0.0053
1529458200.00, 28.5813, 0.0050
1529461800.00, 28.5762, 0.0055
1529465400.00, 28.5694, 0.0056
1529469000.00, 28.5588, 0.0045
1529472600.00, 28.5521, 0.0063
1529476200.00, 28.5441, 0.0055
1529479800.00, 28.5327, 0.0054
1529483400.00, 28.5248, 0.0065
1529487000.00, 28.5146, 0.0067
1529490600.00, 28.5042, 0.0059
1529494200.00, 28.4944, 0.0059
1529497800.00, 28.4836, 0.0054
1529501400.00, 28.4738, 0.0063
1529505000.00, 28.4682, 0.0050
1529508600.00, 28.4680, 0.0048
1529512200.00, 28.4685, 0.0054
1529515800.00, 28.4713, 0.0042
1529519400.00, 28.4813, 0.0053
1529523000.00, 28.4921, 0.0068
1529526600.00, 28.5016, 0.0063
1529530200.00, 28.5097, 0.0048
1529533800.00, 28.5157, 0.0049
1529537400.00, 28.5210, 0.0051
1529541000.00, 28.5218, 0.0047
1529544600.00, 28.5190, 0.0039
1529548200.00, 28.5084, 0.0052
1529551800.00, 28.4952, 0.0065
1529555400.00, 28.4869, 0.0050
1529559000.00, 28.4749, 0.0062
1529562600.00, 28.4621, 0.0055
1529566200.00, 28.4492, 0.0061
1529569800.00, 28.4372, 0.0060
1529573400.00, 28.4270, 0.0069
1529577000.00, 28.4162, 0.0063
1529580600.00, 28.4049, 0.0059
1529584200.00, 28.3947, 0.0056
1529587800.00, 28.3830, 0.0049
1529591400.00, 28.3729, 0.0058
1529595000.00, 28.3610, 0.0051
1529598600.00, 28.3535, 0.0060
1529602200.00, 28.3448, 0.0056
1529605800.00, 28.3368, 0.0059
1529609400.00, 28.3270, 0.0056
1529613000.00, 28.3200, 0.0055
1529616600.00, 28.3082, 0.0053
1529620200.00, 28.2996, 0.0064
1529623800.00, 28.2883, 0.0045
1529627400.00, 28.2789, 0.0055
1529631000.00, 28.2663, 0.0052
1529634600.00, 28.2566, 0.0065
1529638200.00, 28.2471, 0.0058
1529641800.00, 28.2325, 0.0059
1529645400.00, 28.2188, 0.0052
1529649000.00, 28.2048, 0.0067
1529652600.00, 28.1882, 0.0071
1529656200.00, 28.1736, 0.0060
1529659800.00, 28.1578, 0.0066
1529663400.00, 28.1430, 0.0061
1529667000.00, 28.1261, 0.0063
1529670600.00, 28.1102, 0.0071
1529674200.00, 28.0897, 0.0054
1529677800.00, 28.0774, 0.0057
1529681400.00, 28.0617, 0.0078
1529685000.00, 28.0482, 0.0059
1529688600.00, 28.0343, 0.0066
1529692200.00, 28.0239, 0.0061
1529695800.00, 28.0111, 0.0058
1529699400.00, 27.9997, 0.0073
1529703000.00, 27.9879, 0.0062
1529706600.00, 27.9782, 0.0050
1529710200.00, 27.9656, 0.0061
1529713800.00, 27.9537, 0.0057
1529717400.00, 27.9408, 0.0063
1529721000.00, 27.9264, 0.0057
1529724600.00, 27.9173, 0.0057
1529728200.00, 27.9039, 0.0055
1529731800.00, 27.8948, 0.0062
1529735400.00, 27.8831, 0.0062
1529739000.00, 27.8736, 0.0060
1529742600.00, 27.8608, 0.0059
1529746200.00, 27.8495, 0.0072
1529749800.00, 27.8397, 0.0062
1529753400.00, 27.8254, 0.0064
1529757000.00, 27.8197, 0.0044
1529760600.00, 27.8267, 0.0054
1529764200.00, 27.8285, 0.0057
1529767800.00, 27.8348, 0.0050
1529771400.00, 27.8443, 0.0056
1529775000.00, 27.8538, 0.0048
1529778600.00, 27.8613, 0.0062
1529782200.00, 27.8749, 0.0062
1529785800.00, 27.8878, 0.0061
1529789400.00, 27.9015, 0.0054
1529793000.00, 27.9080, 0.0044
1529796600.00, 27.9123, 0.0055
1529800200.00, 27.9190, 0.0047
1529803800.00, 27.9217, 0.0045
1529807400.00, 27.9207, 0.0044
1529811000.00, 27.9178, 0.0049
1529814600.00, 27.9134, 0.0051
1529818200.00, 27.9083, 0.0041
1529821800.00, 27.9028, 0.0052
1529825400.00, 27.8956, 0.0056
1529829000.00, 27.8872, 0.0049
1529832600.00, 27.8818, 0.0064
1529836200.00, 27.8723, 0.0052
1529839800.00, 27.8677, 0.0046
1529843400.00, 27.8780, 0.0054
1529847000.00, 27.8892, 0.0058
1529850600.00, 27.9087, 0.0076
1529854200.00, 27.9270, 0.0075
1529857800.00, 27.9393, 0.0057
1529861400.00, 27.9551, 0.0065
1529865000.00, 27.9682, 0.0047
1529868600.00, 27.9828, 0.0058
1529872200.00, 27.9997, 0.0077
1529875800.00, 28.0175, 0.0059
1529879400.00, 28.0302, 0.0062
1529883000.00, 28.0439, 0.0062
1529886600.00, 28.0513, 0.0053
1529890200.00, 28.0534, 0.0048
1529893800.00, 28.0523, 0.0046
1529897400.00, 28.0453, 0.0062
1529901000.00, 28.0403, 0.0051
1529904600.00, 28.0302, 0.0053
1529908200.00, 28.0228, 0.0052
1529911800.00, 28.0143, 0.0059
1529915400.00, 28.0043, 0.0054
1529919000.00, 27.9912, 0.0066
1529922600.00, 27.9816, 0.0052
1529926200.00, 27.9736, 0.0053
1529929800.00, 27.9778, 0.0058
1529933400.00, 27.9813, 0.0046
1529937000.00, 27.9861, 0.0061
1529940600.00, 27.9977, 0.0066
1529944200.00, 28.0062, 0.0055
1529947800.00, 28.0152, 0.0053
1529951400.00, 28.0258, 0.0059
1529955000.00, 28.0347, 0.0056
1529958600.00, 28.0451, 0.0062
1529962200.00, 28.0598, 0.0053
1529965800.00, 28.0695, 0.0064
1529969400.00, 28.0793, 0.0047
1529973000.00, 28.0832, 0.0050
1529976600.00, 28.0833, 0.0047
1529980200.00, 28.0817, 0.0049
1529983800.00, 28.0798, 0.0034
1529987400.00, 28.0769, 0.0056
1529991000.00, 28.0739, 0.0049
1529994600.00, 28.0695, 0.0053
1529998200.00, 28.0643, 0.0053
1530001800.00, 28.0589, 0.0045
1530005400.00, 28.0532, 0.0050
1530009000.00, 28.0497, 0.0054
1530012600.00, 28.0426, 0.0054
1530016200.00, 28.0363, 0.0052
1530019800.00, 28.0272, 0.0048
1530023400.00, 28.0215, 0.0048
1530027000.00, 28.0208, 0.0045
1530030600.00, 28.0223, 0.0059
1530034200.00, 28.0238, 0.0052
1530037800.00, 28.0288, 0.0049
1530041400.00, 28.0398, 0.0062
1530045000.00, 28.0513, 0.0059
1530048600.00, 28.0623, 0.0056
1530052200.00, 28.0703, 0.0036
1530055800.00, 28.0728, 0.0052
1530059400.00, 28.0710, 0.0047
1530063000.00, 28.0702, 0.0052
1530066600.00, 28.0673, 0.0051
1530070200.00, 28.0615, 0.0054
1530073800.00, 28.0587, 0.0050
1530077400.00, 28.0559, 0.0052
1530081000.00, 28.0518, 0.0046
1530084600.00, 28.0492, 0.0049
1530088200.00, 28.0444, 0.0050
1530091800.00, 28.0390, 0.0040
1530095400.00, 28.0357, 0.0050
1530099000.00, 28.0308, 0.0048
1530102600.00, 28.0295, 0.0053
1530106200.00, 28.0240, 0.0049
1530109800.00, 28.0231, 0.0059
1530113400.00, 28.0246, 0.0056
1530117000.00, 28.0282, 0.0047
1530120600.00, 28.0347, 0.0056
1530124200.00, 28.0435, 0.0054
1530127800.00, 28.0534, 0.0062
1530131400.00, 28.0657, 0.0056
1530135000.00, 28.0805, 0.0056
1530138600.00, 28.0937, 0.0055
1530142200.00, 28.1043, 0.0049
1530145800.00, 28.1121, 0.0055
1530149400.00, 28.1175, 0.0043
1530153000.00, 28.1188, 0.0041
1530156600.00, 28.1138, 0.0048
1530160200.00, 28.1110, 0.0035
